{
 "cells": [
  {
   "cell_type": "code",
   "execution_count": 9,
   "metadata": {},
   "outputs": [],
   "source": [
    "import pandas as pd\n",
    "import numpy as np\n",
    "\n",
    "import statsmodels.api as sm\n",
    "from statsmodels.formula.api import ols\n",
    "\n",
    "import seaborn as sb\n",
    "sb.set(style=\"ticks\", color_codes=True)\n",
    "\n",
    "import matplotlib.pyplot as plt\n",
    "\n",
    "import sklearn\n",
    "from sklearn.linear_model import LinearRegression\n",
    "from sklearn.preprocessing import scale\n",
    "from collections import Counter\n"
   ]
  },
  {
   "cell_type": "code",
   "execution_count": 37,
   "metadata": {},
   "outputs": [],
   "source": [
    "bike = pd.read_csv (\"BikeData_WD.csv\")"
   ]
  },
  {
   "cell_type": "code",
   "execution_count": 38,
   "metadata": {},
   "outputs": [
    {
     "data": {
      "text/html": [
       "<div>\n",
       "<style scoped>\n",
       "    .dataframe tbody tr th:only-of-type {\n",
       "        vertical-align: middle;\n",
       "    }\n",
       "\n",
       "    .dataframe tbody tr th {\n",
       "        vertical-align: top;\n",
       "    }\n",
       "\n",
       "    .dataframe thead th {\n",
       "        text-align: right;\n",
       "    }\n",
       "</style>\n",
       "<table border=\"1\" class=\"dataframe\">\n",
       "  <thead>\n",
       "    <tr style=\"text-align: right;\">\n",
       "      <th></th>\n",
       "      <th>CB</th>\n",
       "      <th>Street</th>\n",
       "      <th>SW_ES</th>\n",
       "      <th>SW_WS</th>\n",
       "      <th>SW_EN</th>\n",
       "      <th>SW_NW</th>\n",
       "      <th>RS</th>\n",
       "      <th>RN</th>\n",
       "      <th>Rd_Wd</th>\n",
       "      <th>Bk_Prox</th>\n",
       "      <th>Bk_Inf</th>\n",
       "      <th>Tr_Dir</th>\n",
       "      <th>Ld_Use</th>\n",
       "    </tr>\n",
       "  </thead>\n",
       "  <tbody>\n",
       "    <tr>\n",
       "      <th>0</th>\n",
       "      <td>401</td>\n",
       "      <td>Vernon Blvd</td>\n",
       "      <td>0</td>\n",
       "      <td>8</td>\n",
       "      <td>1</td>\n",
       "      <td>9</td>\n",
       "      <td>362</td>\n",
       "      <td>280</td>\n",
       "      <td>42.0</td>\n",
       "      <td>751</td>\n",
       "      <td>N</td>\n",
       "      <td>2</td>\n",
       "      <td>IM</td>\n",
       "    </tr>\n",
       "    <tr>\n",
       "      <th>1</th>\n",
       "      <td>401</td>\n",
       "      <td>9th St</td>\n",
       "      <td>4</td>\n",
       "      <td>2</td>\n",
       "      <td>2</td>\n",
       "      <td>11</td>\n",
       "      <td>22</td>\n",
       "      <td>1</td>\n",
       "      <td>25.0</td>\n",
       "      <td>672</td>\n",
       "      <td>N</td>\n",
       "      <td>1</td>\n",
       "      <td>IM</td>\n",
       "    </tr>\n",
       "    <tr>\n",
       "      <th>2</th>\n",
       "      <td>401</td>\n",
       "      <td>11th St</td>\n",
       "      <td>0</td>\n",
       "      <td>9</td>\n",
       "      <td>4</td>\n",
       "      <td>9</td>\n",
       "      <td>30</td>\n",
       "      <td>14</td>\n",
       "      <td>40.0</td>\n",
       "      <td>1222</td>\n",
       "      <td>P</td>\n",
       "      <td>1</td>\n",
       "      <td>IM</td>\n",
       "    </tr>\n",
       "    <tr>\n",
       "      <th>3</th>\n",
       "      <td>401</td>\n",
       "      <td>38th Av</td>\n",
       "      <td>4</td>\n",
       "      <td>4</td>\n",
       "      <td>2</td>\n",
       "      <td>4</td>\n",
       "      <td>31</td>\n",
       "      <td>37</td>\n",
       "      <td>40.0</td>\n",
       "      <td>54</td>\n",
       "      <td>N</td>\n",
       "      <td>2</td>\n",
       "      <td>MX</td>\n",
       "    </tr>\n",
       "    <tr>\n",
       "      <th>4</th>\n",
       "      <td>401</td>\n",
       "      <td>29th St</td>\n",
       "      <td>5</td>\n",
       "      <td>3</td>\n",
       "      <td>3</td>\n",
       "      <td>6</td>\n",
       "      <td>8</td>\n",
       "      <td>430</td>\n",
       "      <td>30.0</td>\n",
       "      <td>984</td>\n",
       "      <td>N</td>\n",
       "      <td>1</td>\n",
       "      <td>R</td>\n",
       "    </tr>\n",
       "  </tbody>\n",
       "</table>\n",
       "</div>"
      ],
      "text/plain": [
       "    CB       Street  SW_ES  SW_WS  SW_EN  SW_NW   RS   RN  Rd_Wd  Bk_Prox  \\\n",
       "0  401  Vernon Blvd      0      8      1      9  362  280   42.0      751   \n",
       "1  401       9th St      4      2      2     11   22    1   25.0      672   \n",
       "2  401      11th St      0      9      4      9   30   14   40.0     1222   \n",
       "3  401      38th Av      4      4      2      4   31   37   40.0       54   \n",
       "4  401      29th St      5      3      3      6    8  430   30.0      984   \n",
       "\n",
       "  Bk_Inf  Tr_Dir Ld_Use  \n",
       "0      N       2     IM  \n",
       "1      N       1     IM  \n",
       "2      P       1     IM  \n",
       "3      N       2     MX  \n",
       "4      N       1      R  "
      ]
     },
     "execution_count": 38,
     "metadata": {},
     "output_type": "execute_result"
    }
   ],
   "source": [
    "bike.head()"
   ]
  },
  {
   "cell_type": "code",
   "execution_count": 39,
   "metadata": {},
   "outputs": [
    {
     "data": {
      "text/html": [
       "<div>\n",
       "<style scoped>\n",
       "    .dataframe tbody tr th:only-of-type {\n",
       "        vertical-align: middle;\n",
       "    }\n",
       "\n",
       "    .dataframe tbody tr th {\n",
       "        vertical-align: top;\n",
       "    }\n",
       "\n",
       "    .dataframe thead th {\n",
       "        text-align: right;\n",
       "    }\n",
       "</style>\n",
       "<table border=\"1\" class=\"dataframe\">\n",
       "  <thead>\n",
       "    <tr style=\"text-align: right;\">\n",
       "      <th></th>\n",
       "      <th>SW_ES</th>\n",
       "      <th>SW_WS</th>\n",
       "      <th>SW_EN</th>\n",
       "      <th>SW_NW</th>\n",
       "      <th>RS</th>\n",
       "      <th>RN</th>\n",
       "      <th>Rd_Wd</th>\n",
       "      <th>Bk_Prox</th>\n",
       "      <th>Tr_Dir</th>\n",
       "    </tr>\n",
       "  </thead>\n",
       "  <tbody>\n",
       "    <tr>\n",
       "      <th>SW_ES</th>\n",
       "      <td>1.000000</td>\n",
       "      <td>0.065040</td>\n",
       "      <td>0.405311</td>\n",
       "      <td>0.164359</td>\n",
       "      <td>0.196986</td>\n",
       "      <td>0.157283</td>\n",
       "      <td>0.044879</td>\n",
       "      <td>-0.009755</td>\n",
       "      <td>0.100481</td>\n",
       "    </tr>\n",
       "    <tr>\n",
       "      <th>SW_WS</th>\n",
       "      <td>0.065040</td>\n",
       "      <td>1.000000</td>\n",
       "      <td>0.863342</td>\n",
       "      <td>0.256836</td>\n",
       "      <td>0.237351</td>\n",
       "      <td>0.203526</td>\n",
       "      <td>0.316769</td>\n",
       "      <td>0.092848</td>\n",
       "      <td>-0.098267</td>\n",
       "    </tr>\n",
       "    <tr>\n",
       "      <th>SW_EN</th>\n",
       "      <td>0.405311</td>\n",
       "      <td>0.863342</td>\n",
       "      <td>1.000000</td>\n",
       "      <td>0.301772</td>\n",
       "      <td>0.234910</td>\n",
       "      <td>0.186551</td>\n",
       "      <td>0.311570</td>\n",
       "      <td>0.126509</td>\n",
       "      <td>-0.020493</td>\n",
       "    </tr>\n",
       "    <tr>\n",
       "      <th>SW_NW</th>\n",
       "      <td>0.164359</td>\n",
       "      <td>0.256836</td>\n",
       "      <td>0.301772</td>\n",
       "      <td>1.000000</td>\n",
       "      <td>0.319439</td>\n",
       "      <td>0.193307</td>\n",
       "      <td>0.084113</td>\n",
       "      <td>0.076933</td>\n",
       "      <td>-0.070996</td>\n",
       "    </tr>\n",
       "    <tr>\n",
       "      <th>RS</th>\n",
       "      <td>0.196986</td>\n",
       "      <td>0.237351</td>\n",
       "      <td>0.234910</td>\n",
       "      <td>0.319439</td>\n",
       "      <td>1.000000</td>\n",
       "      <td>0.584151</td>\n",
       "      <td>0.151615</td>\n",
       "      <td>0.059246</td>\n",
       "      <td>0.115074</td>\n",
       "    </tr>\n",
       "    <tr>\n",
       "      <th>RN</th>\n",
       "      <td>0.157283</td>\n",
       "      <td>0.203526</td>\n",
       "      <td>0.186551</td>\n",
       "      <td>0.193307</td>\n",
       "      <td>0.584151</td>\n",
       "      <td>1.000000</td>\n",
       "      <td>0.013568</td>\n",
       "      <td>-0.000249</td>\n",
       "      <td>0.023759</td>\n",
       "    </tr>\n",
       "    <tr>\n",
       "      <th>Rd_Wd</th>\n",
       "      <td>0.044879</td>\n",
       "      <td>0.316769</td>\n",
       "      <td>0.311570</td>\n",
       "      <td>0.084113</td>\n",
       "      <td>0.151615</td>\n",
       "      <td>0.013568</td>\n",
       "      <td>1.000000</td>\n",
       "      <td>0.161391</td>\n",
       "      <td>-0.057068</td>\n",
       "    </tr>\n",
       "    <tr>\n",
       "      <th>Bk_Prox</th>\n",
       "      <td>-0.009755</td>\n",
       "      <td>0.092848</td>\n",
       "      <td>0.126509</td>\n",
       "      <td>0.076933</td>\n",
       "      <td>0.059246</td>\n",
       "      <td>-0.000249</td>\n",
       "      <td>0.161391</td>\n",
       "      <td>1.000000</td>\n",
       "      <td>-0.045707</td>\n",
       "    </tr>\n",
       "    <tr>\n",
       "      <th>Tr_Dir</th>\n",
       "      <td>0.100481</td>\n",
       "      <td>-0.098267</td>\n",
       "      <td>-0.020493</td>\n",
       "      <td>-0.070996</td>\n",
       "      <td>0.115074</td>\n",
       "      <td>0.023759</td>\n",
       "      <td>-0.057068</td>\n",
       "      <td>-0.045707</td>\n",
       "      <td>1.000000</td>\n",
       "    </tr>\n",
       "  </tbody>\n",
       "</table>\n",
       "</div>"
      ],
      "text/plain": [
       "            SW_ES     SW_WS     SW_EN     SW_NW        RS        RN     Rd_Wd  \\\n",
       "SW_ES    1.000000  0.065040  0.405311  0.164359  0.196986  0.157283  0.044879   \n",
       "SW_WS    0.065040  1.000000  0.863342  0.256836  0.237351  0.203526  0.316769   \n",
       "SW_EN    0.405311  0.863342  1.000000  0.301772  0.234910  0.186551  0.311570   \n",
       "SW_NW    0.164359  0.256836  0.301772  1.000000  0.319439  0.193307  0.084113   \n",
       "RS       0.196986  0.237351  0.234910  0.319439  1.000000  0.584151  0.151615   \n",
       "RN       0.157283  0.203526  0.186551  0.193307  0.584151  1.000000  0.013568   \n",
       "Rd_Wd    0.044879  0.316769  0.311570  0.084113  0.151615  0.013568  1.000000   \n",
       "Bk_Prox -0.009755  0.092848  0.126509  0.076933  0.059246 -0.000249  0.161391   \n",
       "Tr_Dir   0.100481 -0.098267 -0.020493 -0.070996  0.115074  0.023759 -0.057068   \n",
       "\n",
       "          Bk_Prox    Tr_Dir  \n",
       "SW_ES   -0.009755  0.100481  \n",
       "SW_WS    0.092848 -0.098267  \n",
       "SW_EN    0.126509 -0.020493  \n",
       "SW_NW    0.076933 -0.070996  \n",
       "RS       0.059246  0.115074  \n",
       "RN      -0.000249  0.023759  \n",
       "Rd_Wd    0.161391 -0.057068  \n",
       "Bk_Prox  1.000000 -0.045707  \n",
       "Tr_Dir  -0.045707  1.000000  "
      ]
     },
     "execution_count": 39,
     "metadata": {},
     "output_type": "execute_result"
    }
   ],
   "source": [
    "bike.corr()"
   ]
  },
  {
   "cell_type": "code",
   "execution_count": null,
   "metadata": {},
   "outputs": [],
   "source": [
    "bike.wd = bike.drop (columns=['Bk_Prox','Bk_Inf', 'Tr_Dir', 'Ld_Use'])"
   ]
  },
  {
   "cell_type": "code",
   "execution_count": null,
   "metadata": {},
   "outputs": [],
   "source": [
    "bike.wd.head()"
   ]
  },
  {
   "cell_type": "code",
   "execution_count": null,
   "metadata": {},
   "outputs": [],
   "source": [
    "bike.wd.corr()"
   ]
  },
  {
   "cell_type": "code",
   "execution_count": null,
   "metadata": {},
   "outputs": [],
   "source": [
    "sb.pairplot (bike.wd, diag_kind=\"kde\", hue= 'Rd_Wd')"
   ]
  },
  {
   "cell_type": "code",
   "execution_count": null,
   "metadata": {},
   "outputs": [],
   "source": [
    "bike.head()"
   ]
  },
  {
   "cell_type": "code",
   "execution_count": null,
   "metadata": {},
   "outputs": [],
   "source": [
    "bike.prox = bike.drop (columns=['Rd_Wd','Bk_Inf', 'Tr_Dir', 'Ld_Use'])"
   ]
  },
  {
   "cell_type": "code",
   "execution_count": null,
   "metadata": {},
   "outputs": [],
   "source": [
    "bike.prox.head()"
   ]
  },
  {
   "cell_type": "code",
   "execution_count": null,
   "metadata": {},
   "outputs": [],
   "source": [
    "sb.pairplot (bike.prox, diag_kind= 'kde', hue = \"Bk_Prox\")"
   ]
  },
  {
   "cell_type": "code",
   "execution_count": null,
   "metadata": {},
   "outputs": [],
   "source": [
    "bike.prox.corr()"
   ]
  },
  {
   "cell_type": "code",
   "execution_count": null,
   "metadata": {},
   "outputs": [],
   "source": [
    "bike1 = pd.read_csv (\"BikeData_WE.csv\")\n",
    "bike1.head()"
   ]
  },
  {
   "cell_type": "code",
   "execution_count": null,
   "metadata": {},
   "outputs": [],
   "source": [
    "bike1.wd = bike1.drop (columns=['Bk_Prox','Bk_Inf', 'Tr_Dir', 'Ld_Use'])"
   ]
  },
  {
   "cell_type": "code",
   "execution_count": null,
   "metadata": {},
   "outputs": [],
   "source": [
    "bike1.wd.head()"
   ]
  },
  {
   "cell_type": "code",
   "execution_count": null,
   "metadata": {},
   "outputs": [],
   "source": [
    "bike1.wd.corr()"
   ]
  },
  {
   "cell_type": "code",
   "execution_count": null,
   "metadata": {},
   "outputs": [],
   "source": [
    "sb.pairplot (bike1.wd, kind = 'reg')"
   ]
  },
  {
   "cell_type": "code",
   "execution_count": null,
   "metadata": {},
   "outputs": [],
   "source": [
    "bike1.prox = bike1.drop (columns=['Rd_Wd','Bk_Inf', 'Tr_Dir', 'Ld_Use'])"
   ]
  },
  {
   "cell_type": "code",
   "execution_count": null,
   "metadata": {},
   "outputs": [],
   "source": [
    "bike1.prox.head()"
   ]
  },
  {
   "cell_type": "code",
   "execution_count": null,
   "metadata": {},
   "outputs": [],
   "source": [
    "bike1.prox.corr()"
   ]
  },
  {
   "cell_type": "code",
   "execution_count": null,
   "metadata": {},
   "outputs": [],
   "source": [
    "sb.pairplot (bike1.prox, kind = 'reg')"
   ]
  },
  {
   "cell_type": "code",
   "execution_count": 3,
   "metadata": {},
   "outputs": [
    {
     "data": {
      "text/html": [
       "<div>\n",
       "<style scoped>\n",
       "    .dataframe tbody tr th:only-of-type {\n",
       "        vertical-align: middle;\n",
       "    }\n",
       "\n",
       "    .dataframe tbody tr th {\n",
       "        vertical-align: top;\n",
       "    }\n",
       "\n",
       "    .dataframe thead th {\n",
       "        text-align: right;\n",
       "    }\n",
       "</style>\n",
       "<table border=\"1\" class=\"dataframe\">\n",
       "  <thead>\n",
       "    <tr style=\"text-align: right;\">\n",
       "      <th></th>\n",
       "      <th>CB</th>\n",
       "      <th>Street</th>\n",
       "      <th>SW_ES</th>\n",
       "      <th>SW_WS</th>\n",
       "      <th>SW_EN</th>\n",
       "      <th>SW_NW</th>\n",
       "      <th>RS</th>\n",
       "      <th>RN</th>\n",
       "      <th>Rd_Wd</th>\n",
       "      <th>Bk_Prox</th>\n",
       "      <th>Bk_Inf</th>\n",
       "      <th>Tr_Dir</th>\n",
       "      <th>Ld_Use</th>\n",
       "    </tr>\n",
       "  </thead>\n",
       "  <tbody>\n",
       "    <tr>\n",
       "      <th>0</th>\n",
       "      <td>401</td>\n",
       "      <td>Vernon Blvd</td>\n",
       "      <td>0</td>\n",
       "      <td>8</td>\n",
       "      <td>1</td>\n",
       "      <td>9</td>\n",
       "      <td>362</td>\n",
       "      <td>280</td>\n",
       "      <td>42.0</td>\n",
       "      <td>751</td>\n",
       "      <td>N</td>\n",
       "      <td>2</td>\n",
       "      <td>IM</td>\n",
       "    </tr>\n",
       "    <tr>\n",
       "      <th>1</th>\n",
       "      <td>401</td>\n",
       "      <td>9th St</td>\n",
       "      <td>4</td>\n",
       "      <td>2</td>\n",
       "      <td>2</td>\n",
       "      <td>11</td>\n",
       "      <td>22</td>\n",
       "      <td>1</td>\n",
       "      <td>25.0</td>\n",
       "      <td>672</td>\n",
       "      <td>N</td>\n",
       "      <td>1</td>\n",
       "      <td>IM</td>\n",
       "    </tr>\n",
       "    <tr>\n",
       "      <th>2</th>\n",
       "      <td>401</td>\n",
       "      <td>11th St</td>\n",
       "      <td>0</td>\n",
       "      <td>9</td>\n",
       "      <td>4</td>\n",
       "      <td>9</td>\n",
       "      <td>30</td>\n",
       "      <td>14</td>\n",
       "      <td>40.0</td>\n",
       "      <td>1222</td>\n",
       "      <td>P</td>\n",
       "      <td>1</td>\n",
       "      <td>IM</td>\n",
       "    </tr>\n",
       "    <tr>\n",
       "      <th>3</th>\n",
       "      <td>401</td>\n",
       "      <td>38th Av</td>\n",
       "      <td>4</td>\n",
       "      <td>4</td>\n",
       "      <td>2</td>\n",
       "      <td>4</td>\n",
       "      <td>31</td>\n",
       "      <td>37</td>\n",
       "      <td>40.0</td>\n",
       "      <td>54</td>\n",
       "      <td>N</td>\n",
       "      <td>2</td>\n",
       "      <td>MX</td>\n",
       "    </tr>\n",
       "    <tr>\n",
       "      <th>4</th>\n",
       "      <td>401</td>\n",
       "      <td>29th St</td>\n",
       "      <td>5</td>\n",
       "      <td>3</td>\n",
       "      <td>3</td>\n",
       "      <td>6</td>\n",
       "      <td>8</td>\n",
       "      <td>430</td>\n",
       "      <td>30.0</td>\n",
       "      <td>984</td>\n",
       "      <td>N</td>\n",
       "      <td>1</td>\n",
       "      <td>R</td>\n",
       "    </tr>\n",
       "  </tbody>\n",
       "</table>\n",
       "</div>"
      ],
      "text/plain": [
       "    CB       Street  SW_ES  SW_WS  SW_EN  SW_NW   RS   RN  Rd_Wd  Bk_Prox  \\\n",
       "0  401  Vernon Blvd      0      8      1      9  362  280   42.0      751   \n",
       "1  401       9th St      4      2      2     11   22    1   25.0      672   \n",
       "2  401      11th St      0      9      4      9   30   14   40.0     1222   \n",
       "3  401      38th Av      4      4      2      4   31   37   40.0       54   \n",
       "4  401      29th St      5      3      3      6    8  430   30.0      984   \n",
       "\n",
       "  Bk_Inf  Tr_Dir Ld_Use  \n",
       "0      N       2     IM  \n",
       "1      N       1     IM  \n",
       "2      P       1     IM  \n",
       "3      N       2     MX  \n",
       "4      N       1      R  "
      ]
     },
     "execution_count": 3,
     "metadata": {},
     "output_type": "execute_result"
    }
   ],
   "source": [
    "bike.head()"
   ]
  },
  {
   "cell_type": "code",
   "execution_count": 36,
   "metadata": {},
   "outputs": [
    {
     "data": {
      "text/html": [
       "<div>\n",
       "<style scoped>\n",
       "    .dataframe tbody tr th:only-of-type {\n",
       "        vertical-align: middle;\n",
       "    }\n",
       "\n",
       "    .dataframe tbody tr th {\n",
       "        vertical-align: top;\n",
       "    }\n",
       "\n",
       "    .dataframe thead th {\n",
       "        text-align: right;\n",
       "    }\n",
       "</style>\n",
       "<table border=\"1\" class=\"dataframe\">\n",
       "  <thead>\n",
       "    <tr style=\"text-align: right;\">\n",
       "      <th></th>\n",
       "      <th>SW_ES</th>\n",
       "      <th>SW_WS</th>\n",
       "      <th>SW_EN</th>\n",
       "      <th>SW_NW</th>\n",
       "      <th>RS</th>\n",
       "      <th>RN</th>\n",
       "      <th>Rd_Wd</th>\n",
       "      <th>Bk_Prox</th>\n",
       "      <th>Tr_Dir</th>\n",
       "    </tr>\n",
       "  </thead>\n",
       "  <tbody>\n",
       "    <tr>\n",
       "      <th>SW_ES</th>\n",
       "      <td>1.000000</td>\n",
       "      <td>0.065040</td>\n",
       "      <td>0.405311</td>\n",
       "      <td>0.164359</td>\n",
       "      <td>0.196986</td>\n",
       "      <td>0.157283</td>\n",
       "      <td>0.044879</td>\n",
       "      <td>-0.009755</td>\n",
       "      <td>0.100481</td>\n",
       "    </tr>\n",
       "    <tr>\n",
       "      <th>SW_WS</th>\n",
       "      <td>0.065040</td>\n",
       "      <td>1.000000</td>\n",
       "      <td>0.863342</td>\n",
       "      <td>0.256836</td>\n",
       "      <td>0.237351</td>\n",
       "      <td>0.203526</td>\n",
       "      <td>0.316769</td>\n",
       "      <td>0.092848</td>\n",
       "      <td>-0.098267</td>\n",
       "    </tr>\n",
       "    <tr>\n",
       "      <th>SW_EN</th>\n",
       "      <td>0.405311</td>\n",
       "      <td>0.863342</td>\n",
       "      <td>1.000000</td>\n",
       "      <td>0.301772</td>\n",
       "      <td>0.234910</td>\n",
       "      <td>0.186551</td>\n",
       "      <td>0.311570</td>\n",
       "      <td>0.126509</td>\n",
       "      <td>-0.020493</td>\n",
       "    </tr>\n",
       "    <tr>\n",
       "      <th>SW_NW</th>\n",
       "      <td>0.164359</td>\n",
       "      <td>0.256836</td>\n",
       "      <td>0.301772</td>\n",
       "      <td>1.000000</td>\n",
       "      <td>0.319439</td>\n",
       "      <td>0.193307</td>\n",
       "      <td>0.084113</td>\n",
       "      <td>0.076933</td>\n",
       "      <td>-0.070996</td>\n",
       "    </tr>\n",
       "    <tr>\n",
       "      <th>RS</th>\n",
       "      <td>0.196986</td>\n",
       "      <td>0.237351</td>\n",
       "      <td>0.234910</td>\n",
       "      <td>0.319439</td>\n",
       "      <td>1.000000</td>\n",
       "      <td>0.584151</td>\n",
       "      <td>0.151615</td>\n",
       "      <td>0.059246</td>\n",
       "      <td>0.115074</td>\n",
       "    </tr>\n",
       "    <tr>\n",
       "      <th>RN</th>\n",
       "      <td>0.157283</td>\n",
       "      <td>0.203526</td>\n",
       "      <td>0.186551</td>\n",
       "      <td>0.193307</td>\n",
       "      <td>0.584151</td>\n",
       "      <td>1.000000</td>\n",
       "      <td>0.013568</td>\n",
       "      <td>-0.000249</td>\n",
       "      <td>0.023759</td>\n",
       "    </tr>\n",
       "    <tr>\n",
       "      <th>Rd_Wd</th>\n",
       "      <td>0.044879</td>\n",
       "      <td>0.316769</td>\n",
       "      <td>0.311570</td>\n",
       "      <td>0.084113</td>\n",
       "      <td>0.151615</td>\n",
       "      <td>0.013568</td>\n",
       "      <td>1.000000</td>\n",
       "      <td>0.161391</td>\n",
       "      <td>-0.057068</td>\n",
       "    </tr>\n",
       "    <tr>\n",
       "      <th>Bk_Prox</th>\n",
       "      <td>-0.009755</td>\n",
       "      <td>0.092848</td>\n",
       "      <td>0.126509</td>\n",
       "      <td>0.076933</td>\n",
       "      <td>0.059246</td>\n",
       "      <td>-0.000249</td>\n",
       "      <td>0.161391</td>\n",
       "      <td>1.000000</td>\n",
       "      <td>-0.045707</td>\n",
       "    </tr>\n",
       "    <tr>\n",
       "      <th>Tr_Dir</th>\n",
       "      <td>0.100481</td>\n",
       "      <td>-0.098267</td>\n",
       "      <td>-0.020493</td>\n",
       "      <td>-0.070996</td>\n",
       "      <td>0.115074</td>\n",
       "      <td>0.023759</td>\n",
       "      <td>-0.057068</td>\n",
       "      <td>-0.045707</td>\n",
       "      <td>1.000000</td>\n",
       "    </tr>\n",
       "  </tbody>\n",
       "</table>\n",
       "</div>"
      ],
      "text/plain": [
       "            SW_ES     SW_WS     SW_EN     SW_NW        RS        RN     Rd_Wd  \\\n",
       "SW_ES    1.000000  0.065040  0.405311  0.164359  0.196986  0.157283  0.044879   \n",
       "SW_WS    0.065040  1.000000  0.863342  0.256836  0.237351  0.203526  0.316769   \n",
       "SW_EN    0.405311  0.863342  1.000000  0.301772  0.234910  0.186551  0.311570   \n",
       "SW_NW    0.164359  0.256836  0.301772  1.000000  0.319439  0.193307  0.084113   \n",
       "RS       0.196986  0.237351  0.234910  0.319439  1.000000  0.584151  0.151615   \n",
       "RN       0.157283  0.203526  0.186551  0.193307  0.584151  1.000000  0.013568   \n",
       "Rd_Wd    0.044879  0.316769  0.311570  0.084113  0.151615  0.013568  1.000000   \n",
       "Bk_Prox -0.009755  0.092848  0.126509  0.076933  0.059246 -0.000249  0.161391   \n",
       "Tr_Dir   0.100481 -0.098267 -0.020493 -0.070996  0.115074  0.023759 -0.057068   \n",
       "\n",
       "          Bk_Prox    Tr_Dir  \n",
       "SW_ES   -0.009755  0.100481  \n",
       "SW_WS    0.092848 -0.098267  \n",
       "SW_EN    0.126509 -0.020493  \n",
       "SW_NW    0.076933 -0.070996  \n",
       "RS       0.059246  0.115074  \n",
       "RN      -0.000249  0.023759  \n",
       "Rd_Wd    0.161391 -0.057068  \n",
       "Bk_Prox  1.000000 -0.045707  \n",
       "Tr_Dir  -0.045707  1.000000  "
      ]
     },
     "execution_count": 36,
     "metadata": {},
     "output_type": "execute_result"
    }
   ],
   "source": [
    "bike.corr()"
   ]
  },
  {
   "cell_type": "code",
   "execution_count": 4,
   "metadata": {},
   "outputs": [
    {
     "name": "stderr",
     "output_type": "stream",
     "text": [
      "C:\\Users\\rrn253\\Downloads\\Anaconda\\lib\\site-packages\\ipykernel_launcher.py:1: UserWarning: Pandas doesn't allow columns to be created via a new attribute name - see https://pandas.pydata.org/pandas-docs/stable/indexing.html#attribute-access\n",
      "  \"\"\"Entry point for launching an IPython kernel.\n"
     ]
    }
   ],
   "source": [
    "bike.dir = bike.drop (columns=['Rd_Wd','Bk_Inf', 'Bk_Prox', 'Ld_Use'])"
   ]
  },
  {
   "cell_type": "code",
   "execution_count": 7,
   "metadata": {},
   "outputs": [
    {
     "data": {
      "text/html": [
       "<div>\n",
       "<style scoped>\n",
       "    .dataframe tbody tr th:only-of-type {\n",
       "        vertical-align: middle;\n",
       "    }\n",
       "\n",
       "    .dataframe tbody tr th {\n",
       "        vertical-align: top;\n",
       "    }\n",
       "\n",
       "    .dataframe thead th {\n",
       "        text-align: right;\n",
       "    }\n",
       "</style>\n",
       "<table border=\"1\" class=\"dataframe\">\n",
       "  <thead>\n",
       "    <tr style=\"text-align: right;\">\n",
       "      <th></th>\n",
       "      <th>CB</th>\n",
       "      <th>Street</th>\n",
       "      <th>SW_ES</th>\n",
       "      <th>SW_WS</th>\n",
       "      <th>SW_EN</th>\n",
       "      <th>SW_NW</th>\n",
       "      <th>RS</th>\n",
       "      <th>RN</th>\n",
       "      <th>Tr_Dir</th>\n",
       "    </tr>\n",
       "  </thead>\n",
       "  <tbody>\n",
       "    <tr>\n",
       "      <th>0</th>\n",
       "      <td>401</td>\n",
       "      <td>Vernon Blvd</td>\n",
       "      <td>0</td>\n",
       "      <td>8</td>\n",
       "      <td>1</td>\n",
       "      <td>9</td>\n",
       "      <td>362</td>\n",
       "      <td>280</td>\n",
       "      <td>2</td>\n",
       "    </tr>\n",
       "    <tr>\n",
       "      <th>1</th>\n",
       "      <td>401</td>\n",
       "      <td>9th St</td>\n",
       "      <td>4</td>\n",
       "      <td>2</td>\n",
       "      <td>2</td>\n",
       "      <td>11</td>\n",
       "      <td>22</td>\n",
       "      <td>1</td>\n",
       "      <td>1</td>\n",
       "    </tr>\n",
       "    <tr>\n",
       "      <th>2</th>\n",
       "      <td>401</td>\n",
       "      <td>11th St</td>\n",
       "      <td>0</td>\n",
       "      <td>9</td>\n",
       "      <td>4</td>\n",
       "      <td>9</td>\n",
       "      <td>30</td>\n",
       "      <td>14</td>\n",
       "      <td>1</td>\n",
       "    </tr>\n",
       "    <tr>\n",
       "      <th>3</th>\n",
       "      <td>401</td>\n",
       "      <td>38th Av</td>\n",
       "      <td>4</td>\n",
       "      <td>4</td>\n",
       "      <td>2</td>\n",
       "      <td>4</td>\n",
       "      <td>31</td>\n",
       "      <td>37</td>\n",
       "      <td>2</td>\n",
       "    </tr>\n",
       "    <tr>\n",
       "      <th>4</th>\n",
       "      <td>401</td>\n",
       "      <td>29th St</td>\n",
       "      <td>5</td>\n",
       "      <td>3</td>\n",
       "      <td>3</td>\n",
       "      <td>6</td>\n",
       "      <td>8</td>\n",
       "      <td>430</td>\n",
       "      <td>1</td>\n",
       "    </tr>\n",
       "  </tbody>\n",
       "</table>\n",
       "</div>"
      ],
      "text/plain": [
       "    CB       Street  SW_ES  SW_WS  SW_EN  SW_NW   RS   RN  Tr_Dir\n",
       "0  401  Vernon Blvd      0      8      1      9  362  280       2\n",
       "1  401       9th St      4      2      2     11   22    1       1\n",
       "2  401      11th St      0      9      4      9   30   14       1\n",
       "3  401      38th Av      4      4      2      4   31   37       2\n",
       "4  401      29th St      5      3      3      6    8  430       1"
      ]
     },
     "execution_count": 7,
     "metadata": {},
     "output_type": "execute_result"
    }
   ],
   "source": [
    "bike.dir.head()"
   ]
  },
  {
   "cell_type": "code",
   "execution_count": 33,
   "metadata": {},
   "outputs": [
    {
     "data": {
      "text/html": [
       "<div>\n",
       "<style scoped>\n",
       "    .dataframe tbody tr th:only-of-type {\n",
       "        vertical-align: middle;\n",
       "    }\n",
       "\n",
       "    .dataframe tbody tr th {\n",
       "        vertical-align: top;\n",
       "    }\n",
       "\n",
       "    .dataframe thead th {\n",
       "        text-align: right;\n",
       "    }\n",
       "</style>\n",
       "<table border=\"1\" class=\"dataframe\">\n",
       "  <thead>\n",
       "    <tr style=\"text-align: right;\">\n",
       "      <th></th>\n",
       "      <th>SW_ES</th>\n",
       "      <th>SW_WS</th>\n",
       "      <th>SW_EN</th>\n",
       "      <th>SW_NW</th>\n",
       "      <th>RS</th>\n",
       "      <th>RN</th>\n",
       "      <th>Tr_Dir</th>\n",
       "    </tr>\n",
       "  </thead>\n",
       "  <tbody>\n",
       "    <tr>\n",
       "      <th>SW_ES</th>\n",
       "      <td>1.000000</td>\n",
       "      <td>0.065040</td>\n",
       "      <td>0.405311</td>\n",
       "      <td>0.164359</td>\n",
       "      <td>0.196986</td>\n",
       "      <td>0.157283</td>\n",
       "      <td>0.100481</td>\n",
       "    </tr>\n",
       "    <tr>\n",
       "      <th>SW_WS</th>\n",
       "      <td>0.065040</td>\n",
       "      <td>1.000000</td>\n",
       "      <td>0.863342</td>\n",
       "      <td>0.256836</td>\n",
       "      <td>0.237351</td>\n",
       "      <td>0.203526</td>\n",
       "      <td>-0.098267</td>\n",
       "    </tr>\n",
       "    <tr>\n",
       "      <th>SW_EN</th>\n",
       "      <td>0.405311</td>\n",
       "      <td>0.863342</td>\n",
       "      <td>1.000000</td>\n",
       "      <td>0.301772</td>\n",
       "      <td>0.234910</td>\n",
       "      <td>0.186551</td>\n",
       "      <td>-0.020493</td>\n",
       "    </tr>\n",
       "    <tr>\n",
       "      <th>SW_NW</th>\n",
       "      <td>0.164359</td>\n",
       "      <td>0.256836</td>\n",
       "      <td>0.301772</td>\n",
       "      <td>1.000000</td>\n",
       "      <td>0.319439</td>\n",
       "      <td>0.193307</td>\n",
       "      <td>-0.070996</td>\n",
       "    </tr>\n",
       "    <tr>\n",
       "      <th>RS</th>\n",
       "      <td>0.196986</td>\n",
       "      <td>0.237351</td>\n",
       "      <td>0.234910</td>\n",
       "      <td>0.319439</td>\n",
       "      <td>1.000000</td>\n",
       "      <td>0.584151</td>\n",
       "      <td>0.115074</td>\n",
       "    </tr>\n",
       "    <tr>\n",
       "      <th>RN</th>\n",
       "      <td>0.157283</td>\n",
       "      <td>0.203526</td>\n",
       "      <td>0.186551</td>\n",
       "      <td>0.193307</td>\n",
       "      <td>0.584151</td>\n",
       "      <td>1.000000</td>\n",
       "      <td>0.023759</td>\n",
       "    </tr>\n",
       "    <tr>\n",
       "      <th>Tr_Dir</th>\n",
       "      <td>0.100481</td>\n",
       "      <td>-0.098267</td>\n",
       "      <td>-0.020493</td>\n",
       "      <td>-0.070996</td>\n",
       "      <td>0.115074</td>\n",
       "      <td>0.023759</td>\n",
       "      <td>1.000000</td>\n",
       "    </tr>\n",
       "  </tbody>\n",
       "</table>\n",
       "</div>"
      ],
      "text/plain": [
       "           SW_ES     SW_WS     SW_EN     SW_NW        RS        RN    Tr_Dir\n",
       "SW_ES   1.000000  0.065040  0.405311  0.164359  0.196986  0.157283  0.100481\n",
       "SW_WS   0.065040  1.000000  0.863342  0.256836  0.237351  0.203526 -0.098267\n",
       "SW_EN   0.405311  0.863342  1.000000  0.301772  0.234910  0.186551 -0.020493\n",
       "SW_NW   0.164359  0.256836  0.301772  1.000000  0.319439  0.193307 -0.070996\n",
       "RS      0.196986  0.237351  0.234910  0.319439  1.000000  0.584151  0.115074\n",
       "RN      0.157283  0.203526  0.186551  0.193307  0.584151  1.000000  0.023759\n",
       "Tr_Dir  0.100481 -0.098267 -0.020493 -0.070996  0.115074  0.023759  1.000000"
      ]
     },
     "execution_count": 33,
     "metadata": {},
     "output_type": "execute_result"
    }
   ],
   "source": [
    "bike.dir.corr()"
   ]
  },
  {
   "cell_type": "markdown",
   "metadata": {},
   "source": [
    "# ANOVA"
   ]
  },
  {
   "cell_type": "code",
   "execution_count": 41,
   "metadata": {},
   "outputs": [],
   "source": [
    "mod = ols('Rd_Wd ~ RN',\n",
    "                data=bike).fit()\n",
    "                \n",
    "aov_table = sm.stats.anova_lm(mod, typ=2)\n"
   ]
  },
  {
   "cell_type": "code",
   "execution_count": 42,
   "metadata": {},
   "outputs": [
    {
     "name": "stdout",
     "output_type": "stream",
     "text": [
      "                sum_sq     df         F    PR(>F)\n",
      "RN            6.790264    1.0  0.018781  0.891266\n",
      "Residual  36877.682921  102.0       NaN       NaN\n"
     ]
    }
   ],
   "source": [
    "print (aov_table)"
   ]
  },
  {
   "cell_type": "markdown",
   "metadata": {},
   "source": [
    "# Regression"
   ]
  },
  {
   "cell_type": "code",
   "execution_count": 22,
   "metadata": {},
   "outputs": [],
   "source": [
    "from sklearn.linear_model import LinearRegression\n",
    "lm = LinearRegression()"
   ]
  },
  {
   "cell_type": "code",
   "execution_count": 29,
   "metadata": {},
   "outputs": [],
   "source": [
    "X = bike.dir[['SW_ES', 'SW_WS', 'SW_EN',\n",
    "               'SW_NW', 'RS','RN']]\n",
    "y = bike.dir['Tr_Dir']"
   ]
  },
  {
   "cell_type": "code",
   "execution_count": 31,
   "metadata": {},
   "outputs": [],
   "source": [
    "reg = LinearRegression().fit(X, y)"
   ]
  },
  {
   "cell_type": "code",
   "execution_count": null,
   "metadata": {},
   "outputs": [],
   "source": []
  },
  {
   "cell_type": "code",
   "execution_count": null,
   "metadata": {},
   "outputs": [],
   "source": []
  }
 ],
 "metadata": {
  "kernelspec": {
   "display_name": "Python 3",
   "language": "python",
   "name": "python3"
  },
  "language_info": {
   "codemirror_mode": {
    "name": "ipython",
    "version": 3
   },
   "file_extension": ".py",
   "mimetype": "text/x-python",
   "name": "python",
   "nbconvert_exporter": "python",
   "pygments_lexer": "ipython3",
   "version": "3.7.0"
  }
 },
 "nbformat": 4,
 "nbformat_minor": 2
}
